No-Mask 0 0 0 141 173 297 352 0 0 0 0 0 0 0
No-Mask 0 0 0 320 219 375 274 0 0 0 0 0 0 0
No-Mask 0 0 0 478 200 511 248 0 0 0 0 0 0 0
No-Mask 0 0 0 10 199 34 225 0 0 0 0 0 0 0
No-Mask 0 0 0 55 247 88 277 0 0 0 0 0 0 0
No-Mask 0 0 0 72 249 109 279 0 0 0 0 0 0 0
No-Mask 0 0 0 404 240 437 277 0 0 0 0 0 0 0
No-Mask 0 0 0 352 209 398 250 0 0 0 0 0 0 0
No-Mask 0 0 0 421 220 449 246 0 0 0 0 0 0 0
No-Mask 0 0 0 609 219 642 257 0 0 0 0 0 0 0
No-Mask 0 0 0 720 190 775 255 0 0 0 0 0 0 0
No-Mask 0 0 0 767 134 852 234 0 0 0 0 0 0 0
