No-Mask 0 0 0 246 28 414 182 0 0 0 0 0 0 0
No-Mask 0 0 0 702 66 870 235 0 0 0 0 0 0 0
No-Mask 0 0 0 4 72 45 115 0 0 0 0 0 0 0
No-Mask 0 0 0 44 7 81 41 0 0 0 0 0 0 0
No-Mask 0 0 0 106 74 135 105 0 0 0 0 0 0 0
No-Mask 0 0 0 132 81 160 112 0 0 0 0 0 0 0
No-Mask 0 0 0 78 162 120 205 0 0 0 0 0 0 0
No-Mask 0 0 0 21 256 71 302 0 0 0 0 0 0 0
No-Mask 0 0 0 -3 196 52 261 0 0 0 0 0 0 0
No-Mask 0 0 0 550 174 591 213 0 0 0 0 0 0 0
No-Mask 0 0 0 637 242 696 299 0 0 0 0 0 0 0
No-Mask 0 0 0 620 10 662 47 0 0 0 0 0 0 0
No-Mask 0 0 0 693 185 734 219 0 0 0 0 0 0 0
No-Mask 0 0 0 910 106 956 148 0 0 0 0 0 0 0
No-Mask 0 0 0 477 23 515 57 0 0 0 0 0 0 0
